Beta_age = 0.036115937508217955
Beta_car_net_distance = -0.016982440462879552
Beta_dl_car = -0.5784061302164147
Beta_employed_by_family = 1.4373900510844646
Beta_employee_management = -0.7409218735911929
Beta_employee_with_supervision = -0.5885380715275058
Beta_hh_income_10000_12000 = -0.7227583943470257
Beta_hh_income_12000_14000 = -0.6535066551529132
Beta_hh_income_14000_16000 = -0.8274310449650613
Beta_hh_income_16000_plus = -1.0854819593144684
Beta_hh_income_4000_6000 = -0.49922966380396144
Beta_hh_income_6000_8000 = -0.7367755481962139
Beta_hh_income_8000_10000 = -0.7030541233153069
Beta_hh_size = 0.16973625191679592
Beta_home_work_dist = 0.023173775754815055
Beta_male = -0.3588686607711191
Beta_n_cars_hh = 0.12602072210121157
Beta_ptsub_parcours = -0.5609736208896018
Beta_ptsub_regional = -0.38965177155441044
Beta_secondary_education = -0.25092677430982013
Beta_self_employed_without_employees = 1.3187224801517319
Beta_work_accessibility_car = -3.1664684657769867e-07
Beta_work_sched_fully_flex = 0.41085065800627724
tau_1 = -1.7871816376158038
tau_1_diff_1 = 3.5382594665786296
tau_1_diff_2 = 0.796444854116217
tau_1_diff_3 = 0.6714904933482048
tau_1_diff_4 = 0.3572139156305251
